16 211 0.500000 1.000000 10 
1 0 30 0 
2 0 30 0 
3 0 30 0 
4 0 30 0 
5 0 30 0 
6 0 30 0 
7 0 30 0 
8 0 30 0 
9 0 30 0 
10 0 30 0 
11 0 30 0 
12 0 30 0 
13 0 30 1 
14 0 30 1 
15 0 30 1 
16 0 30 1 
1 2 1 6 
1 3 1 5 
1 4 1 3 
1 5 1 5 
1 6 1 5 
1 7 1 2 
1 8 1 8 
1 9 1 2 
1 10 1 8 
1 11 1 2 
1 12 1 0 
1 13 1 5 
1 14 1 8 
1 15 1 4 
1 16 1 7 
2 3 1 2 
2 4 1 5 
2 5 1 1 
2 6 1 2 
2 7 1 7 
2 8 1 2 
2 9 1 4 
2 10 1 2 
2 11 1 5 
2 12 1 6 
2 13 1 5 
2 14 1 2 
2 15 1 10 
2 16 1 8 
3 2 1 2 
3 4 1 3 
3 5 1 1 
3 6 1 1 
3 7 1 7 
3 8 1 4 
3 9 1 4 
3 10 1 4 
3 11 1 4 
3 12 1 5 
3 13 1 3 
3 14 1 4 
3 15 1 9 
3 16 1 9 
4 2 1 5 
4 3 1 3 
4 5 1 4 
4 6 1 3 
4 7 1 5 
4 8 1 7 
4 9 1 2 
4 10 1 7 
4 11 1 1 
4 12 1 3 
4 13 1 2 
4 14 1 7 
4 15 1 7 
4 16 1 9 
5 2 1 1 
5 3 1 1 
5 4 1 4 
5 6 1 1 
5 7 1 6 
5 8 1 3 
5 9 1 3 
5 10 1 3 
5 11 1 4 
5 12 1 5 
5 13 1 4 
5 14 1 3 
5 15 1 9 
5 16 1 8 
6 2 1 2 
6 3 1 1 
6 4 1 3 
6 5 1 1 
6 7 1 6 
6 8 1 4 
6 9 1 3 
6 10 1 4 
6 11 1 3 
6 12 1 5 
6 13 1 3 
6 14 1 4 
6 15 1 8 
6 16 1 8 
7 2 1 7 
7 3 1 7 
7 4 1 5 
7 5 1 6 
7 6 1 6 
7 8 1 9 
7 9 1 3 
7 10 1 9 
7 11 1 4 
7 12 1 2 
7 13 1 7 
7 14 1 9 
7 15 1 2 
7 16 1 5 
8 2 1 2 
8 3 1 4 
8 4 1 7 
8 5 1 3 
8 6 1 4 
8 7 1 9 
8 9 1 6 
8 10 1 0 
8 11 1 7 
8 12 1 8 
8 13 1 7 
8 14 1 0 
8 15 1 12 
8 16 1 9 
9 2 1 4 
9 3 1 4 
9 4 1 2 
9 5 1 3 
9 6 1 3 
9 7 1 3 
9 8 1 6 
9 10 1 6 
9 11 1 2 
9 12 1 2 
9 13 1 4 
9 14 1 6 
9 15 1 5 
9 16 1 6 
10 2 1 2 
10 3 1 4 
10 4 1 7 
10 5 1 3 
10 6 1 4 
10 7 1 9 
10 8 1 0 
10 9 1 6 
10 11 1 7 
10 12 1 8 
10 13 1 7 
10 14 1 0 
10 15 1 12 
10 16 1 9 
11 2 1 5 
11 3 1 4 
11 4 1 1 
11 5 1 4 
11 6 1 3 
11 7 1 4 
11 8 1 7 
11 9 1 2 
11 10 1 7 
11 12 1 2 
11 13 1 3 
11 14 1 7 
11 15 1 6 
11 16 1 8 
12 2 1 6 
12 3 1 5 
12 4 1 3 
12 5 1 5 
12 6 1 5 
12 7 1 2 
12 8 1 8 
12 9 1 2 
12 10 1 8 
12 11 1 2 
12 13 1 5 
12 14 1 8 
12 15 1 4 
12 16 1 7 
13 2 1 5 
13 3 1 3 
13 4 1 2 
13 5 1 4 
13 6 1 3 
13 7 1 7 
13 8 1 7 
13 9 1 4 
13 10 1 7 
13 11 1 3 
13 12 1 5 
13 14 1 7 
13 15 1 9 
13 16 1 10 
14 2 1 2 
14 3 1 4 
14 4 1 7 
14 5 1 3 
14 6 1 4 
14 7 1 9 
14 8 1 0 
14 9 1 6 
14 10 1 0 
14 11 1 7 
14 12 1 8 
14 13 1 7 
14 15 1 12 
14 16 1 9 
15 2 1 10 
15 3 1 9 
15 4 1 7 
15 5 1 9 
15 6 1 8 
15 7 1 2 
15 8 1 12 
15 9 1 5 
15 10 1 12 
15 11 1 6 
15 12 1 4 
15 13 1 9 
15 14 1 12 
15 16 1 7 
