14 182 0.500000 1.000000 10 
1 0 30 0 
2 0 30 0 
3 0 30 0 
4 0 30 0 
5 0 30 0 
6 0 30 0 
7 0 30 0 
8 0 30 0 
9 0 30 0 
10 0 30 0 
11 0 30 1 
12 0 30 1 
13 0 30 1 
14 0 30 1 
1 1 1 7 
1 2 1 5 
1 3 1 3 
1 4 1 7 
1 5 1 3 
1 6 1 3 
1 7 1 7 
1 8 1 4 
1 9 1 2 
1 10 1 5 
1 11 1 5 
1 12 1 2 
1 13 1 5 
1 14 1 0 
2 1 1 7 
2 2 1 5 
2 3 1 3 
2 4 1 7 
2 5 1 3 
2 6 1 3 
2 7 1 7 
2 8 1 4 
2 9 1 2 
2 10 1 5 
2 11 1 5 
2 12 1 2 
2 13 1 5 
2 14 1 0 
3 1 1 7 
3 2 1 5 
3 3 1 3 
3 4 1 7 
3 5 1 3 
3 6 1 3 
3 7 1 7 
3 8 1 4 
3 9 1 2 
3 10 1 5 
3 11 1 5 
3 12 1 2 
3 13 1 5 
3 14 1 0 
4 1 1 7 
4 2 1 5 
4 3 1 3 
4 4 1 7 
4 5 1 3 
4 6 1 3 
4 7 1 7 
4 8 1 4 
4 9 1 2 
4 10 1 5 
4 11 1 5 
4 12 1 2 
4 13 1 5 
4 14 1 0 
5 1 1 7 
5 2 1 5 
5 3 1 3 
5 4 1 7 
5 5 1 3 
5 6 1 3 
5 7 1 7 
5 8 1 4 
5 9 1 2 
5 10 1 5 
5 11 1 5 
5 12 1 2 
5 13 1 5 
5 14 1 0 
6 1 1 7 
6 2 1 5 
6 3 1 3 
6 4 1 7 
6 5 1 3 
6 6 1 3 
6 7 1 7 
6 8 1 4 
6 9 1 2 
6 10 1 5 
6 11 1 5 
6 12 1 2 
6 13 1 5 
6 14 1 0 
7 1 1 7 
7 2 1 5 
7 3 1 3 
7 4 1 7 
7 5 1 3 
7 6 1 3 
7 7 1 7 
7 8 1 4 
7 9 1 2 
7 10 1 5 
7 11 1 5 
7 12 1 2 
7 13 1 5 
7 14 1 0 
8 1 1 7 
8 2 1 5 
8 3 1 3 
8 4 1 7 
8 5 1 3 
8 6 1 3 
8 7 1 7 
8 8 1 4 
8 9 1 2 
8 10 1 5 
8 11 1 5 
8 12 1 2 
8 13 1 5 
8 14 1 0 
9 1 1 7 
9 2 1 5 
9 3 1 3 
9 4 1 7 
9 5 1 3 
9 6 1 3 
9 7 1 7 
9 8 1 4 
9 9 1 2 
9 10 1 5 
9 11 1 5 
9 12 1 2 
9 13 1 5 
9 14 1 0 
10 1 1 7 
10 2 1 5 
10 3 1 3 
10 4 1 7 
10 5 1 3 
10 6 1 3 
10 7 1 7 
10 8 1 4 
10 9 1 2 
10 10 1 5 
10 11 1 5 
10 12 1 2 
10 13 1 5 
10 14 1 0 
11 1 1 7 
11 2 1 5 
11 3 1 3 
11 4 1 7 
11 5 1 3 
11 6 1 3 
11 7 1 7 
11 8 1 4 
11 9 1 2 
11 10 1 5 
11 11 1 5 
11 12 1 2 
11 13 1 5 
11 14 1 0 
12 1 1 7 
12 2 1 5 
12 3 1 3 
12 4 1 7 
12 5 1 3 
12 6 1 3 
12 7 1 7 
12 8 1 4 
12 9 1 2 
12 10 1 5 
12 11 1 5 
12 12 1 2 
12 13 1 5 
12 14 1 0 
13 1 1 7 
13 2 1 5 
13 3 1 3 
13 4 1 7 
13 5 1 3 
13 6 1 3 
13 7 1 7 
13 8 1 4 
13 9 1 2 
13 10 1 5 
13 11 1 5 
13 12 1 2 
13 13 1 5 
13 14 1 0 
14 1 1 7 
14 2 1 5 
14 3 1 3 
14 4 1 7 
14 5 1 3 
14 6 1 3 
14 7 1 7 
14 8 1 4 
14 9 1 2 
14 10 1 5 
14 11 1 5 
14 12 1 2 
14 13 1 5 
14 14 1 0 
