42 146 0.500000 1.000000 10 
1 0 10 0 
2 0 10 0 
3 0 10 0 
4 0 10 0 
5 0 10 1 
6 0 20 0 
7 0 20 0 
8 0 20 0 
9 0 20 1 
10 0 30 0 
11 0 30 0 
12 0 30 0 
13 0 30 1 
14 0 40 0 
15 0 40 0 
16 0 40 0 
17 0 40 1 
18 0 50 0 
19 0 50 0 
20 0 50 0 
21 0 50 1 
22 0 60 0 
23 0 60 0 
24 0 60 0 
25 0 60 1 
26 0 70 0 
27 0 70 0 
28 0 70 0 
29 0 70 1 
30 0 80 0 
31 0 80 0 
32 0 80 0 
33 0 80 1 
34 0 90 0 
35 0 90 0 
36 0 90 0 
37 0 90 1 
38 0 100 0 
39 0 100 0 
40 0 100 0 
41 0 100 1 
42 0 110 0 
1 2 3 1 
1 3 10 8 
1 4 2 1 
1 5 5 5 
2 6 2 4 
2 7 8 5 
3 6 8 2 
3 7 8 10 
3 8 7 3 
4 7 4 6 
4 8 2 5 
4 9 8 2 
5 8 1 3 
5 9 7 3 
6 7 7 5 
6 10 10 9 
6 11 1 3 
7 6 8 5 
7 8 5 5 
7 10 4 8 
7 11 10 6 
7 12 2 8 
8 7 6 8 
8 9 1 2 
8 11 1 1 
8 12 1 5 
8 13 9 7 
9 8 1 6 
9 12 7 7 
9 13 4 4 
10 11 7 5 
10 14 1 2 
10 15 9 5 
11 10 4 9 
11 12 8 4 
11 14 8 10 
11 15 9 7 
11 16 4 1 
12 11 6 4 
12 13 4 1 
12 15 4 7 
12 16 8 3 
12 17 5 1 
13 12 1 3 
13 16 7 8 
13 17 9 9 
14 15 2 7 
14 18 3 9 
14 19 5 4 
15 14 2 9 
15 16 6 8 
15 18 9 4 
15 19 7 9 
15 20 9 1 
16 15 4 7 
16 17 5 10 
16 19 5 6 
16 20 10 7 
16 21 8 1 
17 16 9 5 
17 20 7 3 
17 21 10 4 
18 19 1 1 
18 22 8 5 
18 23 4 2 
19 18 7 2 
19 20 7 5 
19 22 3 5 
19 23 6 3 
19 24 9 7 
20 19 6 10 
20 21 2 5 
20 23 8 3 
20 24 9 1 
20 25 2 9 
21 20 3 1 
21 24 9 10 
21 25 7 4 
22 23 6 10 
22 26 8 8 
22 27 1 3 
23 22 8 10 
23 24 1 9 
23 26 5 1 
23 27 10 7 
23 28 10 4 
24 23 10 6 
24 25 7 2 
24 27 3 4 
24 28 3 10 
24 29 9 7 
25 24 4 10 
25 28 1 4 
25 29 4 8 
26 27 9 2 
26 30 9 7 
26 31 4 5 
27 26 7 9 
27 28 9 8 
27 30 6 1 
27 31 10 6 
27 32 6 10 
28 27 8 7 
28 29 5 5 
28 31 9 1 
28 32 10 3 
28 33 1 4 
29 28 7 6 
29 32 9 10 
29 33 3 3 
30 31 9 6 
30 34 9 7 
30 35 4 4 
31 30 7 5 
31 32 1 2 
31 34 8 7 
31 35 6 9 
31 36 10 6 
32 31 9 9 
32 33 4 8 
32 35 9 9 
32 36 7 4 
32 37 8 2 
33 32 6 1 
33 36 7 2 
33 37 6 3 
34 35 1 3 
34 38 9 3 
34 39 9 9 
35 34 10 4 
35 36 10 5 
35 38 6 6 
35 39 8 10 
35 40 10 9 
36 35 1 5 
36 37 4 6 
36 39 3 6 
36 40 9 6 
36 41 10 2 
37 36 3 5 
37 40 2 4 
37 41 9 10 
38 42 5 8 
39 42 1 3 
40 42 2 10 
41 42 2 9 
